1.0438e-09
1.1945e-09
5.6013e-10
3.4928e-10
4.1902e-08
6.2261e-09
1.9311e-05
5.4741e-10
3.2807e-10
1.9277e-10
0.0092016
4.2069e-10
2.6699e-10
1.3434e-09
3.6722e-10
8.8492e-09
1.6547e-09
4.6303e-10
2.54e-09
4.5882e-10
9.5859e-13
3.1077e-12
2.8723e-10
1.6056e-10
6.331e-10
5.9552e-10
6.1955e-10
1.4928e-08
0.09407
6.9126e-11
2.041e-10
4.2605e-10
9.024e-10
2.8335e-11
1.2427e-10
6.0384e-10
4.7994e-10
1.1627e-09
8.5306e-10
6.5904e-10
1.5995e-07
5.0351e-10
1.0726e-09
3.0669e-10
1.7154e-09
8.8409e-10
8.3635e-10
6.2818e-09
3.4984e-10
3.1331e-09
2.753e-10
6.4687e-10
6.551e-10
2.6338e-10
1.0438e-09
8.426e-10
6.831e-09
1.9713e-09
1.4186e-09
2.0258e-09
8.6446e-10
1.5965e-09
3.8532e-10
4.8681e-10
9.0534e-10
1.3855e-09
8.605e-09
1.2011e-10
4.8353e-10
0.00448
5.3789e-10
3.012e-08
5.0256e-10
1.2944e-10
2.4223e-09
4.524e-11
4.0243e-11
3.1285e-10
2.7522e-09
4.7166e-09
7.6514e-10
6.7999e-10
1.1113e-09
5.2178e-12
0.029791
0.029508
2.2454e-09
9.5779e-11
0.0064044
1.4681e-09
5.4634e-10
3.0062e-10
6.0571e-10
2.1502e-09
3.4023e-05
5.6943e-10
2.8251e-10
4.0731e-09
4.2318e-10
1.1843e-11
1.7488e-09
1.2389e-08
6.452e-10
1.002e-09
2.9727e-10
8.0808e-10
3.5465e-09
1.1289e-09
4.3019e-09
1.7974e-09
1.8586e-08
6.2782e-10
3.7069e-10
6.1756e-10
2.8766e-10
3.4617e-08
5.4063e-10
6.0249e-10
1.0336e-09
4.3941e-10
1.2467e-09
5.2606e-09
1.4591e-09
1.0196e-09
5.0705e-10
1.331e-09
4.801e-10
6.8986e-09
3.7537e-10
2.7172e-10
0.031516
2.3638e-09
4.9294e-10
5.3008e-10
6.0051e-10
8.0472e-09
2.4089e-09
9.5794e-11
0.058546
3.8066e-10
2.5085e-10
4.5823e-10
7.0502e-10
3.0887e-09
1.182e-09
6.0251e-09
6.171e-10
2.2971e-10
1.0174e-09
9.0904e-10
5.2357e-09
0.0018492
3.2897e-09
6.9156e-10
6.3509e-10
8.4797e-10
1.2011e-09
9.3311e-10
3.8867e-09
2.9178e-10
0.028469
6.8785e-10
3.3318e-07
7.6538e-10
7.9593e-09
2.7009e-11
1.3419e-09
1.1075e-10
3.666e-10
6.1767e-10
4.7515e-10
7.6007e-10
2.8615e-07
5.3629e-10
3.1195e-09
1.9298e-10
3.0014e-10
0.013799
3.1384e-08
5.0475e-10
4.2709e-10
5.9083e-10
9.019e-11
2.8915e-10
6.9283e-10
1.2893e-11
2.8493e-10
3.5513e-10
5.1714e-10
6.5612e-10
9.6756e-06
7.6174e-10
4.4502e-09
2.2284e-07
1.0193e-08
4.067e-10
4.4982e-10
6.1579e-12
1.4527e-09
7.327e-10
8.3485e-10
6.6421e-10
3.8512e-09
1.5275e-09
8.4728e-10
3.2663e-09
1.1371e-09
1.8923e-09
9.4317e-10
7.5167e-10
3.6951e-10
1.3331e-09
1.0238e-09
1.6724e-10
1.5701e-07
6.0123e-10
4.2902e-08
2.6167e-10
3.5723e-10
6.3554e-10
1.6751e-09
1.46e-09
7.8947e-10
2.0908e-10
5.1132e-10
2.7295e-09
5.3621e-08
0.0023315
4.7602e-10
8.9366e-10
1.0678e-08
1.5314e-09
1.235e-10
2.9284e-07
1.4952e-06
5.7654e-10
5.8184e-10
1.858e-09
3.098e-10
1.1456e-08
5.137e-10
1.919e-10
0.015222
5.2959e-09
3.1306e-07
2.6953e-09
3.6132e-10
0.0038032
3.0497e-11
2.6547e-09
2.5391e-09
3.9577e-10
1.9679e-09
1.2124e-07
2.168e-08
1.5313e-09
0.051442
1.5795e-09
3.6376e-10
4.4829e-10
1.6212e-09
9.108e-10
8.2635e-10
7.4835e-09
2.1781e-09
4.6695e-10
4.4755e-10
4.6451e-10
1.8686e-09
5.3628e-10
1.8948e-09
7.5326e-10
1.2906e-08
1.3573e-10
3.029e-10
2.6887e-10
2.2573e-10
6.7113e-10
1.7759e-08
5.5914e-10
7.5657e-10
1.8194e-11
4.3435e-10
2.9213e-10
3.315e-10
0.064179
1.7484e-09
5.7114e-10
1.9705e-10
4.9588e-10
2.5075e-10
6.4015e-10
1.8209e-08
1.4844e-09
1.4775e-07
8.5333e-10
3.1194e-10
4.085e-11
1.3522e-09
1.1462e-09
6.3164e-10
2.1922e-10
1.529e-10
4.2557e-10
7.0282e-10
1.8827e-10
1.2001e-09
5.5311e-09
5.5016e-10
1.096e-10
1.7965e-09
7.1565e-10
3.3922e-10
1.7894e-09
3.8094e-09
1.3026e-09
1.9485e-10
6.4316e-10
2.0377e-09
4.8733e-10
1.3188e-09
4.0829e-11
5.303e-10
1.9876e-10
5.127e-10
3.332e-10
1.3826e-09
3.8746e-07
3.1348e-09
1.0251e-09
1.3476e-08
9.7527e-10
2.9076e-09
5.8908e-09
1.5442e-10
8.3325e-10
1.3054e-08
1.4861e-09
8.3991e-11
1.9592e-10
2.5253e-09
1.7591e-09
8.0348e-10
8.2243e-10
7.0326e-10
8.863e-10
2.5087e-09
5.2243e-10
2.0812e-09
5.6451e-10
3.0452e-10
4.0753e-10
1.9724e-08
1.2112e-09
8.4416e-10
1.853e-09
3.6998e-09
1.7599e-10
5.9509e-10
1.4039e-09
8.7748e-09
7.2677e-10
1.3614e-10
1.6468e-09
2.2966e-08
5.5503e-10
4.2914e-10
5.5359e-10
3.1707e-11
5.2018e-10
2.5673e-10
4.5075e-09
5.8749e-10
3.6156e-09
1.3733e-09
1.8626e-09
2.0227e-09
4.7556e-10
3.6294e-10
6.7431e-10
1.4099e-09
8.5152e-10
4.5618e-11
8.7017e-11
4.9959e-10
8.8972e-11
8.7876e-10
2.0933e-09
5.7291e-10
0.010787
9.3032e-10
3.9653e-10
6.1554e-11
2.1134e-09
5.8248e-09
6.7956e-10
3.1478e-08
8.147e-10
2.1468e-09
1.1009e-11
2.3181e-11
1.5336e-09
5.8718e-10
1.3159e-05
7.3467e-10
4.8828e-10
0.0052177
2.3969e-11
1.7846e-09
4.0861e-10
4.6687e-10
8.2955e-10
1.0536e-09
2.1495e-08
5.1116e-10
6.2992e-10
0.013904
7.166e-10
6.0047e-10
2.1476e-09
2.8786e-10
5.198e-10
1.1306e-09
4.2611e-09
3.8248e-10
2.1821e-10
3.4976e-09
1.2521e-09
5.7648e-09
3.9282e-10
0.066738
2.2421e-09
3.5221e-10
5.6467e-10
1.7407e-11
3.8124e-08
1.9071e-09
1.0668e-09
1.4855e-09
6.3805e-10
1.8307e-09
6.3499e-10
2.5155e-10
6.0374e-08
1.2311e-09
6.2476e-10
2.3632e-10
6.4165e-10
2.9168e-10
5.1141e-09
1.9832e-09
0.014469
4.5727e-10
1.2773e-09
8.781e-10
2.0772e-09
3.413e-09
4.0549e-11
1.3134e-09
9.7067e-10
8.5887e-10
5.5749e-10
2.53e-09
1.4922e-09
2.0718e-10
2.2855e-10
2.0738e-10
5.7064e-10
6.175e-10
9.5759e-10
5.724e-09
3.7233e-10
9.3175e-09
2.5726e-10
4.0978e-09
5.7052e-10
0.050025
3.5292e-10
4.2075e-10
5.5322e-11
6.7224e-10
2.8237e-09
3.3514e-09
4.5688e-09
6.5473e-10
4.2385e-09
1.8918e-09
9.8969e-09
3.8007e-10
6.6159e-10
2.7382e-09
8.3575e-10
4.146e-09
8.5967e-10
9.2615e-10
3.1651e-10
3.5817e-10
1.3573e-11
4.5513e-10
4.8497e-10
5.1992e-11
1.3626e-09
0.053116
3.9483e-09
1.1692e-08
4.9754e-10
2.4639e-10
7.6359e-10
1.2331e-10
5.141e-08
2.9041e-10
9.8463e-10
2.2606e-09
4.6235e-10
6.4443e-10
3.5977e-09
2.5378e-10
8.6456e-11
1.1951e-10
4.9036e-10
1.113e-11
8.3916e-10
4.5727e-10
8.0498e-08
1.2645e-09
4.8017e-06
1.5748e-08
1.8573e-08
1.2256e-08
2.2623e-10
2.6008e-10
8.3848e-09
2.8709e-09
3.5566e-10
1.4268e-09
4.1177e-10
7.099e-10
4.8818e-10
0.054493
7.0275e-09
5.8961e-09
4.5873e-10
1.1444e-09
3.6503e-11
1.7868e-09
6.4042e-10
4.228e-10
1.5862e-09
1.8241e-10
1.2378e-10
5.8685e-10
3.5299e-10
2.6185e-09
8.475e-10
9.6561e-10
1.5951e-11
4.0301e-10
2.6906e-09
0.013116
1.9604e-09
1.6901e-09
6.6302e-10
1.3595e-09
2.2884e-11
6.7095e-09
2.7515e-10
1.9049e-07
3.8072e-09
0.010255
8.6932e-11
1.5087e-08
9.7129e-09
1.3067e-09
5.2121e-10
7.4762e-10
3.7546e-09
6.6874e-10
5.1696e-10
6.5494e-09
2.8654e-10
2.8279e-10
3.3366e-09
1.4429e-10
7.2727e-10
5.9827e-10
6.3223e-10
2.4936e-10
1.1117e-09
7.8258e-10
2.3293e-11
9.6813e-10
5.3421e-10
1.2804e-09
1.2808e-10
1.0954e-09
6.5819e-10
5.3138e-10
3.0492e-10
6.7166e-10
1.0972e-09
1.0793e-09
4.0611e-10
1.1582e-09
1.7118e-09
7.2167e-10
2.8432e-09
8.3157e-10
3.0219e-09
4.5215e-10
2.225e-10
3.2063e-10
6.1463e-10
2.6368e-09
4.4354e-10
4.8794e-10
2.1095e-10
6.2786e-10
8.5045e-11
1.0716e-09
4.1644e-12
5.7383e-10
2.5955e-10
2.3243e-10
1.5868e-11
1.4107e-09
3.9544e-09
7.2254e-09
0.0293
3.5558e-10
6.5366e-10
0.0014016
8.2706e-11
9.0079e-10
7.3649e-10
1.2631e-10
3.8923e-09
0.015701
1.8402e-10
5.3202e-10
2.7099e-10
1.2367e-08
9.9897e-10
9.1976e-10
7.6574e-10
6.8796e-10
4.5313e-11
2.7632e-10
4.6492e-10
2.0822e-11
1.4074e-11
8.2311e-10
2.8294e-10
1.4261e-09
0.0028264
5.8487e-12
4.6698e-10
2.3271e-08
3.0295e-09
5.7708e-10
9.9459e-10
6.2352e-10
2.7142e-10
2.3882e-09
8.6042e-10
6.5988e-10
0.00072467
6.3445e-09
2.0856e-10
7.2367e-10
4.5713e-10
5.4496e-10
6.369e-10
1.0278e-10
2.9176e-10
6.3271e-10
4.5801e-10
3.7443e-11
6.5864e-10
3.8223e-11
2.5082e-09
1.1162e-09
1.3212e-09
2.1833e-09
1.0452e-09
7.6475e-07
1.1073e-09
1.8687e-09
2.9339e-09
9.3037e-10
1.5218e-09
1.8854e-10
5.5178e-10
5.2235e-09
3.5872e-10
4.34e-09
1.235e-07
4.3403e-10
3.5678e-10
8.0707e-10
2.551e-09
4.1964e-10
6.6501e-10
3.2269e-10
1.0296e-09
4.8534e-09
7.1541e-10
3.1861e-10
1.6615e-09
2.6736e-10
2.9301e-10
1.4534e-10
1.4486e-08
3.2745e-08
6.9104e-10
2.5541e-09
4.0413e-09
4.0286e-10
3.5693e-10
0.00024513
4.582e-10
4.9733e-10
1.2799e-10
3.3605e-10
2.3002e-09
8.1225e-10
3.8e-10
8.5978e-10
3.3226e-10
3.0541e-10
1.0194e-09
0.053724
8.9218e-11
5.4806e-10
6.1456e-10
4.1551e-10
5.1505e-10
2.0442e-09
1.4757e-10
9.3083e-10
1.0586e-10
4.6521e-10
6.1081e-10
3.7247e-11
3.7407e-10
5.1294e-10
3.8187e-10
3.7806e-10
4.8639e-10
1.7467e-09
1.2287e-09
2.9338e-10
2.1989e-10
1.1794e-09
1.0404e-09
8.5383e-10
1.7884e-09
1.7588e-08
0.0022535
1.4132e-09
6.9407e-10
1.9366e-11
1.6461e-09
6.5066e-10
1.5714e-09
2.209e-10
3.9694e-10
8.3777e-09
9.4033e-10
8.6929e-10
2.7673e-09
5.2443e-10
0.0060477
4.4462e-11
1.9661e-10
4.891e-10
1.3261e-09
1.2912e-09
7.9463e-10
6.0119e-10
4.9511e-10
3.308e-10
3.0133e-10
6.2415e-10
1.2556e-10
1.3078e-09
1.3884e-07
6.5528e-10
7.4934e-10
4.4054e-10
1.2267e-09
1.3693e-11
8.9499e-09
2.0587e-09
1.1711e-07
2.0987e-10
4.2825e-10
5.2428e-09
3.8145e-10
0.00010349
3.6758e-09
3.1926e-10
9.5775e-10
6.7526e-10
5.0009e-10
3.1664e-09
6.5201e-10
2.6096e-10
1.246e-09
4.5419e-10
0.0050211
2.1172e-10
1.3627e-10
1.4369e-09
9.6709e-10
6.4111e-09
6.75e-10
2.1946e-08
1.1993e-09
6.1192e-10
9.6141e-10
6.7412e-10
9.2328e-10
1.7411e-08
5.3575e-10
2.8482e-09
1.1226e-09
2.0315e-10
1.1577e-09
4.4988e-09
0.018168
3.8403e-10
6.721e-10
3.5933e-10
1.3084e-08
6.4742e-10
1.0758e-09
1.3539e-09
1.0359e-08
4.0343e-10
8.1437e-10
8.5832e-10
9.0717e-09
3.4771e-08
5.7338e-10
6.8283e-10
1.8622e-09
7.116e-10
4.5667e-10
1.3567e-10
1.5209e-09
7.8417e-10
6.903e-10
5.5124e-10
5.7316e-10
8.5321e-10
4.9087e-10
6.7273e-10
6.1986e-10
1.385e-09
2.8947e-09
1.0165e-07
1.7899e-10
0.016931
4.0896e-10
3.2464e-10
4.419e-11
2.8004e-10
4.341e-10
3.6677e-10
4.3283e-09
4.8593e-11
1.1954e-10
0.11073
1.135e-09
1.8338e-10
3.162e-10
3.0811e-10
8.1824e-10
5.7214e-10
1.225e-10
1.6899e-10
3.4253e-10
1.9186e-09
1.0024e-08
1.5074e-10
2.1741e-09
1.3724e-09
6.6831e-10
2.1211e-10
8.2516e-10
1.2245e-09
7.4593e-09
2.26e-09
5.3919e-10
4.2351e-10
1.7026e-09
5.257e-10
9.7626e-10
7.3669e-08
