1.4638e-10
1.328e-10
7.3624e-11
3.6072e-11
5.6967e-11
1.5381e-10
1.7752e-10
5.9134e-11
5.6604e-11
6.6359e-11
1.0685e-09
3.3062e-11
4.668e-11
8.4129e-11
4.6058e-11
5.1967e-11
8.7174e-11
1.5763e-10
4.9401e-11
9.3223e-11
4.9406e-12
2.0726e-11
4.9874e-11
2.2959e-09
6.7937e-10
2.2429e-10
3.8744e-11
4.3502e-11
5.087e-10
1.1054e-09
3.4099e-11
1.5427e-10
1.1134e-10
3.4119e-10
2.939e-10
3.7486e-11
6.7523e-11
4.0846e-10
6.3929e-09
8.6572e-11
3.2505e-07
5.006e-11
7.6046e-11
3.3308e-11
1.6625e-10
4.3104e-11
7.9959e-10
4.6416e-11
0.007441
7.8042e-11
6.0182e-11
6.1378e-11
3.3227e-10
1.1719e-10
1.4638e-10
6.4398e-11
1.9913e-10
3.168e-11
1.7353e-10
9.8742e-09
2.7045e-10
1.3548e-10
4.1466e-09
1.1445e-10
7.869e-11
1.3354e-10
1.9401e-10
9.4099e-11
6.3581e-11
5.0961e-11
1.5178e-10
4.3201e-10
7.7664e-11
1.4182e-10
1.0112e-10
7.1577e-11
1.2852e-10
4.6321e-11
1.9703e-10
1.4605e-10
3.4495e-11
1.2055e-10
6.2771e-11
1.5914e-10
2.4741e-10
5.8806e-10
7.5765e-11
3.4951e-11
2.98e-11
8.5216e-11
2.3011e-10
2.2686e-10
8.5203e-11
6.2573e-10
1.072e-09
7.9339e-11
8.673e-11
1.899e-11
5.0622e-11
1.9463e-09
5.3335e-11
1.0463e-10
4.7091e-11
1.3253e-10
1.5332e-10
8.1782e-11
1.8246e-08
1.1885e-10
9.0349e-11
9.1645e-11
6.6949e-11
7.8712e-11
8.6155e-11
6.2166e-11
1.2076e-10
4.6762e-11
1.6149e-10
1.3605e-10
2.4205e-10
7.9544e-11
4.6842e-10
5.4215e-11
1.0488e-09
2.8e-11
3.45e-11
0.0077308
4.7236e-11
4.1226e-09
1.1376e-10
1.5658e-10
0.077915
4.6226e-10
1.1662e-10
5.7068e-11
5.4816e-11
4.242e-11
1.2928e-10
3.8661e-10
6.6508e-08
5.0114e-11
3.3253e-10
7.123e-11
0.015508
9.9076e-11
6.5904e-11
1.7069e-10
6.8447e-11
4.0721e-11
1.0042e-10
1.0692e-10
3.8861e-11
3.5939e-11
6.3879e-10
1.1195e-10
7.147e-11
4.1962e-06
4.8671e-10
1.79e-10
2.1107e-10
3.4972e-11
9.891e-11
8.2909e-11
1.0742e-10
3.5165e-11
3.679e-10
2.0331e-10
1.3395e-10
1.876e-10
3.4882e-11
2.2896e-10
4.0154e-11
5.1782e-11
1.1177e-10
1.8458e-10
4.4514e-10
3.8025e-11
9.6426e-09
5.6348e-11
1.011e-09
1.9982e-10
5.6388e-10
3.4611e-11
9.5215e-11
4.1457e-10
6.533e-11
6.2755e-11
0.039259
5.6114e-11
5.4515e-11
7.6177e-11
2.3143e-09
4.1755e-11
0.064553
1.6474e-10
2.6053e-11
0.0011309
1.8942e-10
3.5027e-11
6.7523e-09
1.3236e-10
3.2758e-10
3.4174e-11
5.8689e-11
1.0314e-10
2.6682e-11
7.0339e-11
7.1354e-11
9.9019e-11
0.0085575
4.2548e-10
4.5861e-11
4.9871e-11
3.8988e-11
5.8249e-11
5.4982e-11
1.5812e-10
6.8142e-11
9.8764e-11
9.608e-11
5.5379e-11
6.9406e-11
4.2316e-11
1.2105e-10
4.5426e-11
6.468e-11
5.8294e-09
3.1891e-10
0.020005
8.5399e-11
1.3339e-10
2.9015e-11
1.4248e-09
3.9238e-11
1.2836e-10
7.2467e-11
9.3261e-11
9.1504e-11
3.936e-11
3.1913e-11
2.2046e-09
2.1093e-09
3.8997e-11
7.4231e-10
1.2936e-10
1.2793e-10
0.055501
2.4153e-10
0.066361
4.7966e-11
5.5481e-11
6.0659e-11
3.8238e-11
0.025872
8.3706e-11
7.2175e-11
1.1834e-10
0.10811
3.7696e-11
9.0787e-11
1.2292e-10
6.7025e-12
1.3639e-10
3.4358e-08
7.8817e-11
8.0876e-11
5.4895e-11
1.1479e-10
6.3693e-11
2.8849e-11
7.0336e-11
1.2786e-10
2.2756e-11
5.568e-11
5.6623e-11
1.9214e-09
9.3216e-12
4.0128e-11
1.4083e-10
2.6257e-10
1.0589e-10
1.8295e-10
4.6861e-11
7.6191e-11
1.544e-10
9.2592e-11
0.015829
3.202e-11
1.9859e-10
1.7671e-10
1.1529e-10
0.00027046
9.1029e-11
2.7585e-10
3.93e-11
7.1271e-11
4.9235e-11
5.4306e-11
7.215e-11
8.7102e-11
8.5093e-11
1.0456e-10
1.7795e-10
3.9705e-11
7.5917e-11
1.3603e-10
3.5225e-11
2.8897e-11
1.0708e-10
9.0462e-11
6.2444e-11
1.9403e-10
8.3472e-11
2.2399e-10
5.627e-11
3.0003e-11
4.2842e-10
5.0929e-11
4.897e-11
5.1481e-11
5.343e-11
2.8151e-10
9.0764e-11
1.0237e-10
8.7531e-10
4.1993e-11
2.7768e-11
3.8515e-11
1.281e-10
9.5855e-10
3.4026e-11
1.0887e-10
3.904e-10
1.2227e-10
3.5573e-11
6.625e-11
7.995e-10
4.0664e-10
3.4069e-10
4.9965e-11
9.2186e-11
4.9869e-11
4.6922e-11
5.4803e-11
4.3675e-11
7.6933e-11
2.9617e-11
4.9553e-11
1.5933e-10
2.3328e-10
1.5359e-10
6.3671e-11
3.2447e-11
7.5779e-11
9.8871e-11
2.8454e-11
7.2614e-11
1.1854e-09
1.4205e-10
2.4445e-11
1.433e-10
1.8998e-10
4.2947e-11
5.7215e-11
6.5654e-08
7.3922e-08
3.6349e-11
4.3327e-11
9.2246e-11
1.5724e-10
1.8708e-09
9.6739e-11
6.6757e-11
1.1963e-10
6.571e-11
2.7747e-11
2.0009e-10
5.881e-11
5.8705e-11
7.237e-11
6.411e-11
4.0783e-11
5.5514e-11
4.3055e-11
8.218e-11
7.0824e-11
1.9893e-10
6.3462e-11
7.3523e-11
2.9519e-11
3.7877e-09
7.0783e-11
4.943e-11
3.6231e-11
1.9132e-10
1.1284e-10
5.15e-11
1.2871e-10
2.8572e-10
1.7202e-11
8.7655e-11
0.068086
4.9948e-10
1.1076e-10
4.5806e-11
3.4568e-11
6.0972e-11
0.017903
9.0608e-11
3.8944e-11
8.3072e-11
8.6621e-11
6.6577e-11
8.4521e-11
1.9691e-10
2.6028e-10
7.9927e-11
0.08053
8.6854e-11
5.9422e-11
4.0713e-09
5.143e-11
1.2805e-10
5.6534e-11
1.0309e-10
5.6954e-11
4.4791e-11
1.7058e-10
8.1037e-11
1.9528e-10
3.1148e-11
1.7708e-08
4.8206e-11
3.2598e-10
3.9732e-11
3.0561e-11
8.4149e-11
6.7088e-11
5.2915e-11
8.1715e-11
3.2543e-10
5.142e-11
6.3517e-11
3.0192e-11
1.0777e-10
1.0522e-10
3.9174e-11
6.832e-11
4.4931e-11
7.8347e-11
1.158e-10
4.0291e-11
3.0226e-11
7.87e-11
3.926e-11
6.253e-11
4.7154e-10
1.3923e-10
3.994e-11
2.407e-11
2.8558e-10
3.3691e-10
3.4568e-11
8.1639e-11
6.28e-09
9.8808e-11
4.5124e-11
4.2902e-11
1.1005e-10
4.7354e-11
9.6208e-11
5.0795e-10
1.6469e-10
2.4183e-10
5.7009e-11
1.1092e-10
4.3356e-11
3.2238e-08
1.2928e-10
5.2595e-11
4.6562e-10
5.2684e-11
0.028816
8.8164e-11
7.1426e-11
8.5053e-11
4.5888e-11
2.8043e-10
6.3097e-11
1.5829e-10
1.2878e-10
4.2765e-11
1.5466e-10
4.0553e-11
8.6525e-11
1.8499e-10
3.0431e-11
1.0983e-10
2.5119e-11
1.8297e-10
9.5941e-11
0.01648
3.4516e-11
7.3761e-08
7.5274e-11
5.1802e-11
7.435e-11
1.6719e-10
3.3461e-11
4.3504e-11
4.0999e-11
8.5844e-11
9.6885e-11
1.6505e-10
1.1814e-10
1.3346e-10
5.8443e-11
4.5574e-11
7.5174e-11
1.4485e-10
2.5818e-10
0.069672
2.4854e-10
1.8045e-09
2.6988e-09
9.119e-11
2.1476e-10
3.8645e-11
4.2683e-11
3.9917e-11
5.5197e-11
6.9723e-11
5.7296e-11
3.2908e-10
3.5985e-11
3.8384e-10
1.4532e-10
1.6488e-10
7.3333e-11
4.0741e-10
1.5505e-10
3.4914e-10
3.5592e-10
6.7034e-09
6.502e-11
1.206e-07
5.1897e-11
4.2189e-11
3.7191e-11
4.6425e-11
9.016e-11
6.3565e-11
3.5211e-11
4.5899e-11
5.0754e-11
7.0571e-11
1.0882e-10
2.4779e-10
6.4976e-09
0.055469
1.6646e-10
2.7158e-11
8.0656e-11
4.6611e-11
2.3646e-11
3.3222e-11
4.4926e-11
2.8395e-10
5.2939e-11
1.817e-09
3.4713e-11
9.748e-08
5.427e-11
3.7187e-11
5.2199e-11
1.5888e-10
2.0584e-10
4.9895e-11
1.7457e-10
3.8895e-11
1.5985e-10
2.4261e-10
0.10123
3.8252e-10
1.2464e-10
4.2859e-11
3.9531e-11
5.9317e-11
8.092e-11
8.7945e-11
3.4157e-11
3.2335e-10
1.2066e-10
2.0736e-07
6.3725e-11
3.8727e-11
5.3534e-11
1.2447e-10
1.5081e-10
0.034627
6.1887e-11
1.0145e-10
3.1981e-11
5.291e-11
8.1722e-11
1.6515e-10
2.6953e-11
3.4217e-10
3.1388e-11
4.2763e-11
7.4473e-11
8.2703e-11
4.384e-11
2.6213e-11
4.2087e-11
1.1412e-10
7.439e-11
9.7699e-11
3.8495e-11
1.3637e-10
9.9927e-13
3.0372e-11
2.1698e-10
6.3939e-11
5.2937e-11
2.1865e-10
0.013128
1.507e-10
1.1868e-10
1.1727e-10
3.2167e-11
4.0258e-10
7.1675e-09
8.5626e-11
5.1715e-10
6.4257e-11
4.1373e-11
6.8495e-11
4.8483e-10
4.3706e-11
1.5602e-10
2.3514e-10
1.2597e-10
3.6473e-10
8.9693e-11
8.0548e-11
3.9425e-11
4.822e-11
2.0942e-10
5.2662e-11
3.188e-10
6.2365e-11
4.4844e-11
5.3607e-10
4.1587e-11
8.193e-10
2.0448e-10
6.1519e-11
1.0836e-10
5.9143e-11
8.3012e-11
7.2581e-11
7.9883e-11
2.4922e-10
7.2496e-11
6.4853e-11
6.6192e-11
4.6463e-11
3.6034e-11
6.6524e-11
4.7841e-11
5.8485e-11
7.3375e-11
9.833e-08
3.9328e-11
5.9219e-11
3.2641e-10
8.4418e-10
6.9237e-08
7.6515e-11
4.2944e-11
2.1946e-10
2.9611e-11
7.2891e-11
4.7819e-11
3.3019e-09
3.2665e-10
6.1085e-09
1.6274e-10
3.4296e-11
3.9059e-09
3.378e-11
8.7129e-11
5.7117e-11
8.7422e-11
1.7429e-08
2.8947e-08
3.8831e-11
1.5883e-10
3.285e-11
2.3719e-10
5.7831e-11
4.6642e-11
8.0076e-11
5.2289e-11
5.9854e-11
8.1902e-11
1.2214e-10
1.7759e-10
1.0781e-10
3.7058e-11
6.5678e-11
7.5289e-11
6.5462e-11
1.0441e-10
3.8836e-10
1.1287e-10
2.5856e-11
9.0374e-11
1.1374e-10
6.2197e-11
7.267e-11
4.912e-11
7.3036e-11
1.2817e-10
2.4873e-10
1.3509e-10
5.9046e-11
2.0038e-10
1.7274e-10
9.4866e-11
1.2804e-11
9.1134e-11
6.5507e-11
3.6432e-11
2.0602e-10
3.0105e-11
1.3229e-10
2.6254e-11
2.7388e-11
3.7785e-11
3.6496e-11
4.0131e-11
8.0311e-11
4.3111e-11
1.6958e-10
7.721e-10
2.9143e-11
9.0307e-11
1.2536e-10
2.3261e-11
6.9188e-10
7.7596e-11
2.9638e-10
4.4348e-11
4.4259e-11
7.0665e-12
8.597e-10
2.3567e-10
4.7095e-11
8.7258e-11
3.8017e-10
4.5908e-11
9.0476e-11
1.0194e-10
5.7866e-11
2.0168e-10
2.4955e-10
6.0387e-11
1.5205e-10
6.9792e-11
6.6906e-12
4.1458e-11
1.3345e-10
5.0223e-10
5.8328e-11
9.8645e-11
3.7774e-11
1.292e-10
8.3402e-11
1.2132e-10
4.3467e-11
9.1793e-11
4.6371e-11
4.9357e-11
4.32e-11
2.4827e-11
2.2699e-10
6.7079e-11
6.6228e-11
3.8093e-10
2.3036e-10
3.6134e-11
5.8686e-11
6.5481e-09
1.0372e-05
8.4895e-10
2.4698e-10
3.1651e-10
2.9782e-11
7.0428e-11
7.834e-11
2.7908e-11
2.2802e-11
1.1954e-10
1.4451e-10
3.768e-11
1.0341e-10
7.3475e-11
5.241e-11
3.6927e-10
5.1882e-10
8.5921e-11
5.129e-08
3.1404e-10
1.64e-10
1.0326e-10
1.1796e-10
4.2016e-11
6.3474e-11
2.4451e-10
6.0123e-11
4.258e-11
1.8538e-10
6.4906e-11
2.2946e-10
1.0695e-09
3.0126e-11
4.1489e-11
1.9046e-10
5.0965e-11
7.8898e-11
1.3987e-10
2.5354e-10
2.2909e-10
5.809e-11
9.7521e-11
7.2737e-11
5.1388e-11
4.5439e-11
4.0666e-11
8.4242e-11
8.655e-11
3.289e-10
1.1361e-10
1.6279e-10
2.0951e-10
5.5749e-11
9.2524e-11
1.8278e-10
5.5696e-11
3.6077e-11
4.511e-11
4.8509e-11
1.0341e-10
2.743e-10
4.5195e-11
1.1754e-10
6.6779e-11
5.1232e-11
2.3225e-10
5.7556e-09
3.6084e-11
1.0861e-08
7.0642e-11
6.2512e-11
3.3633e-10
3.3337e-11
6.4464e-11
4.8587e-11
1.2183e-10
1.0241e-10
3.4391e-10
3.0686e-09
6.1833e-11
1.6179e-10
6.9923e-11
4.6336e-11
1.707e-10
6.6547e-10
9.0824e-11
4.4619e-11
1.6821e-10
5.0985e-11
1.4377e-10
9.1804e-11
5.2761e-11
5.2096e-11
4.5797e-10
2.3455e-10
3.7898e-10
8.9767e-11
1.2781e-10
4.3045e-11
5.8456e-11
3.3404e-11
6.2731e-11
2.7496e-10
1.0571e-10
3.5368e-10
