2.0504e-15
2.8331e-13
1.3929e-14
1.3534e-14
7.6285e-15
9.4055e-15
1.2748e-14
8.1297e-15
8.7449e-15
7.3298e-15
5.8012e-13
1.4175e-14
1.3128e-14
5.017e-15
7.7584e-13
8.567e-15
1.1784e-14
2.6766e-15
1.3141e-14
8.7164e-15
4.2197e-15
2.8357e-15
1.0317e-14
1.9398e-11
1.2222e-15
9.0104e-15
2.2478e-14
1.307e-14
1.1653e-15
5.2171e-15
1.2977e-14
1.0464e-14
8.6483e-15
8.5977e-15
1.1515e-12
1.3881e-14
1.2763e-14
6.6219e-12
6.4809e-10
1.2055e-14
4.1174e-11
3.4764e-15
1.2611e-14
2.2996e-14
6.3335e-15
1.4396e-14
0.051583
1.3186e-14
1.8416e-13
8.0211e-15
1.3588e-14
1.0048e-14
2.9805e-15
1.232e-14
2.0504e-15
1.3365e-14
6.9747e-15
1.3942e-14
7.5767e-15
1.5354e-14
1.6999e-15
5.0622e-15
5.869e-12
2.2895e-15
1.4759e-14
5.5679e-15
1.4357e-11
9.0418e-15
1.3301e-14
1.471e-14
4.7979e-15
1.7641e-15
7.7785e-15
1.0883e-14
4.7908e-15
1.5412e-15
1.8481e-15
8.5533e-15
8.048e-15
1.2714e-14
1.1745e-14
1.6592e-15
1.1932e-14
1.8797e-15
9.9158e-15
1.0776e-15
9.6108e-15
1.3508e-14
1.1873e-14
6.0612e-15
4.7846e-15
1.1831e-14
1.0204e-14
2.8671e-11
1.114e-14
1.2519e-14
5.4218e-15
8.609e-15
1.2095e-14
4.5456e-13
1.0617e-14
3.9165e-15
9.9733e-15
1.2639e-14
6.3138e-15
1.2603e-14
7.2724e-11
1.0181e-14
1.0525e-14
9.4757e-15
1.361e-14
1.3054e-14
8.6219e-15
6.6574e-15
3.7565e-14
1.2326e-14
9.9084e-15
1.2534e-14
1.1082e-14
6.358e-13
3.8995e-13
9.506e-15
1.0776e-12
1.35e-14
3.8955e-14
7.8486e-15
1.3526e-14
1.3963e-11
9.6867e-15
1.1989e-14
6.1683e-11
1.3245e-14
1.1632e-14
6.4731e-15
1.2529e-14
1.062e-14
8.3182e-15
9.1978e-13
1.5644e-15
1.2746e-14
7.1129e-15
8.2461e-15
1.0224e-13
5.3474e-15
7.5188e-15
1.039e-14
4.2558e-15
9.1894e-14
4.4867e-15
8.1926e-15
9.8828e-15
1.4902e-14
1.2247e-14
1.2697e-14
1.3562e-14
0.0077558
1.3328e-15
4.2709e-15
8.9139e-15
5.8387e-14
8.6563e-15
9.7199e-15
8.1458e-15
1.3917e-14
3.2095e-15
2.7001e-15
1.2156e-14
3.4897e-15
8.9936e-15
8.6604e-15
1.3155e-14
1.6999e-14
2.5344e-15
1.0883e-14
4.2451e-13
8.6048e-15
3.3588e-15
1.3226e-14
7.7893e-15
1.5186e-15
6.3094e-15
1.2671e-14
9.0697e-15
5.7087e-13
1.2186e-14
1.4624e-14
0.12774
1.2671e-14
1.2553e-14
6.106e-14
3.1657e-12
1.442e-14
2.5755e-11
6.1886e-15
1.3659e-14
1.0112e-14
8.7041e-15
1.3911e-14
1.4928e-10
7.6348e-15
7.1064e-15
1.3551e-14
1.1504e-14
5.1681e-15
1.1796e-14
7.6917e-15
9.5916e-15
7.2162e-15
7.2492e-15
2.8177e-12
1.2588e-14
1.1326e-14
1.1933e-14
1.0461e-14
1.2268e-14
7.2379e-15
1.1244e-14
9.6884e-15
6.846e-15
1.4336e-14
1.0749e-14
1.2862e-14
1.488e-14
6.8504e-15
1.3129e-14
6.0106e-15
7.5931e-15
2.9711e-15
5.164e-15
1.0764e-14
1.1662e-14
6.1208e-09
1.1737e-14
3.4825e-15
8.4008e-15
1.298e-14
1.2541e-14
1.2161e-14
1.3151e-14
1.7451e-15
6.0815e-13
1.1288e-14
1.6013e-15
9.5971e-15
5.4218e-15
0.040161
1.6291e-15
1.5382e-11
1.4986e-15
5.8168e-15
1.0941e-14
1.5349e-14
3.0962e-12
8.4344e-15
1.0252e-14
5.5226e-15
5.1333e-15
1.1272e-14
1.4346e-15
7.7286e-15
1.6771e-15
5.2407e-15
4.9594e-13
9.4449e-15
8.3862e-15
9.9215e-15
5.0061e-15
1.3541e-14
1.1492e-14
4.3803e-15
4.5642e-15
2.3264e-15
1.133e-14
1.4135e-14
1.5125e-12
5.9241e-15
1.5395e-14
7.3991e-15
8.2435e-15
1.3015e-14
6.2412e-15
7.1399e-15
1.4151e-14
9.4791e-15
1.2414e-14
2.1989e-13
1.0746e-14
1.2258e-14
2.0972e-14
6.0592e-15
2.1027e-14
1.1908e-14
4.6059e-15
1.1165e-14
1.2233e-14
1.2623e-14
6.8119e-15
1.4171e-14
1.107e-14
7.3443e-15
6.7406e-15
9.7068e-15
1.7758e-14
9.8771e-15
6.4291e-15
1.1257e-14
1.4929e-14
1.0281e-14
1.1723e-14
4.595e-15
1.5468e-15
3.0235e-12
1.205e-14
1.0796e-14
1.3359e-14
7.2871e-15
1.3515e-14
1.329e-14
1.2687e-14
1.2799e-14
7.1252e-15
1.2512e-14
2.2744e-15
7.5575e-15
1.0612e-14
1.4541e-14
1.234e-14
6.1271e-15
3.3776e-12
1.1257e-14
8.2831e-15
4.3986e-15
8.9807e-15
1.2998e-14
7.4031e-15
1.4279e-15
1.4905e-15
2.6853e-13
1.1964e-14
1.0334e-14
1.8622e-15
2.5598e-15
8.5094e-15
1.1955e-14
9.9218e-15
1.4284e-14
1.0873e-14
8.8064e-15
1.1711e-14
1.1589e-14
1.2563e-14
1.1048e-14
1.212e-14
1.109e-14
1.4006e-14
1.2711e-14
2.0078e-15
1.295e-14
1.3729e-14
9.2613e-15
1.1725e-14
1.2978e-14
7.2339e-15
1.508e-11
3.6928e-12
1.4868e-14
1.5042e-14
1.1527e-14
9.0971e-15
2.9011e-15
3.2692e-15
1.2265e-14
9.2099e-15
1.2029e-14
9.6249e-15
2.7524e-13
1.4406e-14
9.0066e-15
8.0654e-15
1.1314e-14
1.3165e-14
2.166e-15
1.0547e-14
4.9803e-15
1.1756e-14
6.4912e-15
5.7396e-15
4.9566e-15
1.439e-14
8.7943e-15
1.3495e-14
9.8143e-15
1.7283e-14
6.1022e-15
4.3716e-11
1.2802e-14
6.5753e-15
6.7111e-15
6.0478e-15
1.4441e-15
0.17099
4.3198e-12
7.7385e-15
1.1974e-14
1.4205e-14
1.4326e-14
9.3225e-12
6.7199e-15
9.2217e-15
5.428e-14
8.1908e-15
8.3992e-15
7.8688e-15
4.0898e-15
9.1869e-14
9.7293e-15
0.10169
1.8184e-15
1.2737e-14
0.0047896
1.2512e-14
9.7658e-15
1.27e-14
8.312e-15
1.1279e-14
1.3682e-14
8.4213e-15
1.0497e-14
2.7234e-11
1.3924e-14
1.6424e-10
1.241e-14
8.5544e-15
1.1404e-14
1.4417e-14
7.6063e-15
6.4582e-15
6.0215e-15
1.2965e-14
1.1094e-14
1.0489e-14
6.5251e-15
1.2889e-14
2.1263e-15
3.7618e-15
1.4651e-14
1.3082e-14
1.3143e-14
1.2725e-14
1.4666e-15
1.61e-14
1.3281e-14
8.619e-15
1.4638e-14
1.1027e-14
3.872e-15
2.0847e-15
1.399e-14
1.4017e-14
7.5622e-15
5.6421e-15
1.2854e-14
1.1861e-14
3.8541e-15
5.0353e-15
1.1237e-14
1.1868e-14
4.0844e-15
1.4502e-14
5.4725e-15
2.5391e-14
3.6941e-13
4.1183e-15
1.0027e-14
9.7342e-15
1.3502e-14
4.405e-14
1.3287e-14
1.4321e-14
2.5626e-15
1.2008e-14
1.4789e-11
8.7305e-15
1.4956e-14
4.7996e-12
1.2553e-14
5.5733e-15
1.3631e-14
1.2181e-14
1.2168e-14
1.2893e-14
5.7871e-15
1.4852e-14
3.3787e-15
5.828e-15
1.2608e-14
1.1394e-14
1.3845e-14
6.6535e-15
7.1707e-15
9.8066e-09
1.3173e-14
8.1209e-11
2.2019e-14
1.4034e-14
7.9135e-15
9.3855e-15
1.192e-14
1.0822e-14
4.5335e-15
3.7891e-15
1.3187e-14
3.0964e-15
1.0485e-14
7.1318e-15
1.1074e-14
1.1098e-14
1.3293e-15
5.0538e-15
1.662e-11
2.8604e-08
1.0398e-14
1.4803e-10
1.1444e-11
1.0592e-14
4.5933e-12
1.4119e-14
8.0377e-15
1.4439e-14
1.4061e-14
1.0793e-14
3.8058e-15
5.9404e-15
1.6661e-14
5.5546e-15
1.186e-14
2.7682e-12
3.8383e-15
4.966e-15
1.6375e-15
7.5109e-15
9.2561e-15
0.026632
1.3192e-14
3.9382e-09
1.3271e-14
1.6136e-14
1.003e-14
1.3794e-14
1.4397e-15
1.347e-14
1.4907e-14
1.4541e-14
1.4379e-14
1.1112e-14
3.5088e-15
5.3999e-15
6.7562e-15
1.0968e-14
6.7643e-15
1.4164e-14
9.7119e-15
1.2972e-14
3.1909e-15
1.1534e-14
1.476e-14
8.0655e-15
1.1918e-14
3.5154e-14
1.0209e-14
9.3341e-12
1.4508e-14
1.321e-14
1.4673e-14
9.9734e-15
9.2937e-15
1.1698e-14
9.887e-15
1.2153e-14
1.2111e-14
1.0793e-14
0.13644
6.0679e-13
1.0411e-14
1.2312e-14
1.2509e-14
1.3377e-14
1.2055e-14
7.4292e-15
9.5393e-15
3.5368e-15
7.021e-15
2.3963e-12
5.2194e-15
1.2289e-14
1.3369e-14
1.419e-14
6.3617e-14
7.6122e-12
1.3624e-14
4.5794e-15
1.5655e-14
1.2681e-14
5.9635e-15
6.6854e-15
1.1197e-14
1.0574e-14
1.074e-14
1.2793e-14
1.3836e-14
1.3159e-14
1.3916e-14
1.4494e-14
1.2863e-14
3.8668e-15
1.3262e-14
1.0784e-14
1.5195e-14
9.7012e-15
2.903e-15
1.4237e-14
1.4346e-14
1.2956e-14
8.8455e-15
1.8608e-14
8.7238e-15
2.1288e-12
7.844e-15
1.0248e-14
1.3629e-14
9.121e-14
1.7568e-12
1.0945e-14
3.638e-14
1.1048e-14
1.3623e-14
9.9311e-15
7.0793e-15
7.0674e-15
3.9878e-15
9.2326e-15
3.6033e-12
7.5405e-15
1.2617e-14
1.1015e-14
1.7332e-15
1.2979e-14
3.3263e-11
1.0159e-14
1.1716e-14
8.9219e-15
6.1005e-15
4.5988e-15
1.4417e-14
1.1068e-14
1.088e-14
1.1615e-14
1.4594e-14
1.1438e-14
4.1318e-15
1.4881e-14
1.2472e-14
8.2378e-15
1.3913e-14
5.7464e-15
1.1744e-14
8.6924e-15
1.2693e-14
1.3789e-14
1.3503e-14
1.0851e-14
1.371e-14
2.3611e-12
1.1154e-14
1.3604e-14
1.2135e-14
1.393e-13
1.1629e-14
1.282e-14
1.6292e-14
1.1331e-14
1.4072e-14
3.1009e-15
1.2039e-14
1.4626e-12
3.3583e-15
1.0608e-10
3.2816e-15
8.9513e-15
9.9798e-13
1.1902e-14
5.5578e-15
1.5384e-14
1.183e-14
0.15375
7.014e-13
7.4989e-15
1.4502e-14
1.2497e-14
8.7055e-15
1.0101e-14
1.2923e-14
1.3196e-14
9.1074e-15
1.4798e-14
1.2307e-14
1.2531e-14
4.9538e-15
1.2819e-14
1.1537e-14
1.2112e-14
9.0372e-15
1.2775e-14
1.4002e-14
5.5184e-15
3.5848e-15
1.375e-14
1.3997e-14
7.5092e-15
7.9453e-15
1.4407e-14
1.2131e-14
1.2058e-14
5.3097e-15
1.2812e-14
1.8371e-15
1.0669e-14
2.128e-12
9.9057e-15
9.0749e-15
5.8513e-15
2.865e-15
6.7156e-15
1.1545e-14
1.0413e-13
1.4098e-14
1.1808e-14
1.4043e-14
1.3535e-14
8.1867e-15
1.0604e-14
1.2894e-14
1.2599e-14
8.6664e-15
1.0824e-14
1.2325e-14
1.1707e-14
1.1499e-14
7.0818e-15
2.7544e-15
5.4163e-14
8.632e-15
4.9199e-15
1.2952e-14
1.3485e-14
2.7089e-11
4.0025e-13
1.0734e-13
9.3822e-15
1.4288e-14
1.0256e-14
1.1931e-14
1.2816e-14
1.0644e-14
1.1855e-14
2.9838e-15
4.9009e-15
3.2287e-15
9.8868e-15
1.0583e-14
7.4319e-13
1.2747e-14
8.6319e-15
3.2867e-13
1.2258e-14
1.0771e-14
9.4322e-15
1.0508e-14
2.7929e-15
3.0806e-15
1.2468e-14
8.3225e-15
1.4753e-14
1.5108e-14
1.7031e-14
1.4417e-14
6.4021e-15
1.4191e-14
1.13e-14
1.2717e-13
3.7949e-15
1.3311e-14
1.1148e-14
8.5249e-15
0.17846
4.2371e-11
2.1165e-15
8.1931e-15
1.4864e-14
1.67e-15
1.095e-14
1.1971e-14
1.4762e-14
1.3671e-14
9.2075e-15
1.2648e-14
1.7165e-15
1.1843e-14
1.2131e-14
9.7503e-15
3.3323e-15
1.2086e-14
1.5684e-10
1.0522e-14
8.3041e-15
1.0817e-14
4.5869e-15
1.4426e-14
1.4019e-14
6.4968e-15
1.2037e-14
1.3646e-14
3.201e-15
4.4883e-15
2.7856e-12
6.6198e-12
1.1461e-14
1.1935e-14
7.6613e-15
1.2588e-14
1.3311e-14
1.092e-14
8.7369e-15
4.9729e-15
1.0105e-14
1.3642e-14
1.7535e-15
8.6254e-15
1.3759e-14
1.196e-14
8.5003e-15
6.3376e-15
1.4095e-14
1.0696e-14
1.2264e-14
4.0315e-15
9.8022e-15
1.1642e-14
1.1675e-14
1.3026e-14
1.3519e-14
1.3698e-14
5.8797e-15
1.0146e-14
8.0175e-15
1.2016e-14
1.1666e-14
1.0645e-14
1.3327e-14
6.7841e-15
7.159e-10
1.756e-14
2.5969e-13
8.1884e-15
3.723e-14
2.4711e-13
1.1299e-14
1.3253e-14
1.3608e-14
5.5916e-15
2.1826e-13
1.0689e-14
3.7701e-15
1.0096e-14
2.4004e-15
1.1685e-14
9.7541e-15
9.8325e-15
1.3939e-14
4.8038e-14
1.4359e-14
1.5908e-15
6.2601e-15
9.8385e-15
1.3823e-14
7.8203e-15
1.2079e-14
2.8464e-13
2.4827e-15
1.1921e-12
1.0495e-14
9.5369e-15
8.101e-15
1.3446e-14
1.3962e-14
1.0815e-14
1.1825e-14
1.1515e-14
6.6615e-15
