0
0.0006459221558802058
0.0011164117844375187
0.00012756289719015372
-0.0011870447261690042
0.00044637232346080084
0.0003103106278137383
-0.00011931287653418608
0.0014030733394141267
0.00018786451764644732
0.0004010513463842143
0.0005838135703788035
-0.0011537179302595223
0.00013246404066730562
0.00043290330154789234
0.0010865336716894128
0.0006674438941541322
-9.242092310735328e-05
0.00040292248260193243
-0.0003623201277313972
0.0012344251793303701
0.0006387835230414064
0.0006151109937830731
0.00045706606476095154
0.0008821382283541702
0.0005018044235674073
0.0007834055712201705
-0.0008728553593926526
-0.0006383726292260725
0.0005138689862771663
0.0009389344048821818
-0.0002693212601698878
5.447600798767304e-05
0.0003667048561125977
0.0005292570867464455
0.0007015357842247147
-0.0005843677966914755
0.00025726224629515595
0.0019144063634730214
0.0019528700602526484
0.0003330001409024365
0.0008347087507755798
0.0006001010318654818
2.0910785424837346e-05
-0.0004758338386891704
0.0006868774563462907
-0.0009245408975882297
0.0023281656258252255
-0.0007575803524946747
0.00429584527851214
0.0002239528657442543
-0.00030238081253623414
7.60770521974632e-05
0.0007753663857090813
0.0002706397857394337
0.0006459221558802058
0.0003010515152991685
0.0010188957704507999
-0.001199530769656524
0.0002196938489431435
0.002253389756829491
0.0006349572301610754
0.0008465513805621289
0.0008894049382279915
0.0009340715236996686
-7.853754134190756e-05
0.00032252536622764044
0.0007738513885028775
-5.614111246276187e-05
3.0493461099250905e-05
-0.00047500928344108704
0.0006192761469464829
0.0007280910786999233
0.0006443443664825697
0.0005162105810341768
0.0005175974576408532
0.0007411670504478804
0.00041286989737402465
0.0011701248871254205
0.00023704608878127482
0.001681353723203203
-0.0004341031329529374
0.0007485475452296337
4.5380426288455935e-06
0.0008213992360931277
0.0002697808318114087
0.0004210135759788209
0.0003825488780589399
-0.0004913863303849877
-0.000754002189822893
0.0006714446741734295
0.0007197119398013593
0.0007500993353383378
0.0002798824643108122
0.0011466073251628604
0.0011059958734565666
0.0002517409107856183
0.0006186825179038802
0.000601396224554341
0.00016789958172780557
0.001396434183649175
-0.00036082305967347354
0.0005769455420612639
-0.00019413770346770714
9.659737458946735e-05
0.0007786626402761362
-3.5855952816769936e-05
0.0011342128981310677
0.0003471680998563204
0.00020225798214516767
0.000578104430399424
0.00026098823895652826
-0.0003172980901068413
0.0004245300392632823
0.0005144706770931079
0.0011640366064938179
-0.00040184632459942023
0.00045038460919602817
0.0003627353122417692
0.0006786693834865441
0.0006813105486832285
0.0005459243370376451
0.000802723510231062
0.0007584801957637746
-0.0009151475092456625
0.0009613894386095449
0.0016246166982145807
-9.292915084007615e-05
0.0011636133107192177
-3.774568889060798e-05
0.00040716921428793834
0.0012406530844961906
0.0007502723699228876
0.0004401146582246562
0.0003991640037206314
-0.000355781257275684
-0.00012847800616739977
0.0008996779870945148
0.0006336343088732504
0.0006464531849904583
-8.156773810711525e-05
0.0007122432732510825
0.0007443408763207606
0.003977158147125039
0.0003703791407037698
0.00022703019244615786
0.0005324215887624364
0.0005301429414571443
0.0010252288374435253
0.0007545688249437813
0.0007077038496516383
0.00021375375458382455
-0.0013372386486646664
0.0009304619581141236
0.0007263169497131313
0.0007394788922934416
0.0023738448208414395
0.0006251310626493635
0.0006182551251791823
0.00047933316323818656
-0.0010474009733545916
3.594737227913872e-06
0.0011457121226429781
0.0006081011016534387
9.543912079897803e-05
0.0007990778237953329
0.00043726096446315775
0.0003222306679403407
0.0002990664585152895
0.00029777778942580114
0.0006026105824333404
-0.00014442469328640448
-0.0002560694463859824
0.00029593368844749087
0.001174729829470671
0.000657651711213967
0.0005295485815949655
0.0006820794943403716
-0.0009133704862181988
0.0010380134551970636
0.0007194890896222236
0.0006706244960329779
0.0005844495802168098
0.00020566814649663502
0.0010526537328763887
5.104611173060565e-05
-2.6184998707587223e-05
0.0033212792499696655
-2.9787601724834643e-05
0.00039303353732844795
0.001237979730875461
0.0011263664881833175
-0.0005052052953828956
0.0016150691574561178
0.00010209148693560148
-0.0009642237056476958
0.001804527186997039
0.0001998131150604052
-0.0005661251938354164
0.001277926356331536
0.00037920834170045126
0.0009840665067268463
-0.00028507769529611724
-0.00013351840504623278
0.0007706312948364795
0.0002437787303043511
0.00027909694436182783
0.0005997682476712734
0.0002548202101432663
0.001593825743662805
0.0008828092269629293
-0.00036963697911312295
0.0007239851758260389
3.6551664833938524e-06
0.0005059879957521271
-0.00032658527745911553
0.0005529490473213325
-0.0006060816823164794
0.00029196161912135155
0.0006628057153862521
5.8551338853139296e-05
-0.00025576316375121506
0.0005678420662491072
0.0008015701728284624
0.0003258122003577581
5.8605769613260096e-05
0.0009757414329017456
0.0005705386057020655
0.0011812981057336717
0.0004984526413300795
0.00016164549108996112
0.00011158112658036109
0.0011210154742402267
0.00036941865302841416
0.0004108373738205186
-0.0002053415457789802
-0.0003578836776440497
-0.00029985816288818435
-4.271279858781385e-06
-0.0002718760041432905
0.0008430190705975857
0.0011426329554919863
4.4232632902125097e-05
0.0007714780044211329
0.0005581482236036711
0.00016975919158618088
0.0017821364147190069
0.0007433651178061375
0.0011594858083473112
0.0007146677087602391
0.00048126583801840926
-0.0004370547142715142
-0.0010363759071161732
0.0024309202350747557
0.0010483118165047457
0.00043183917148825225
0.00032194409100013457
0.0006447742442835314
0.00017879662584615872
0.0006737268448338907
0.0007392711334557884
0.0007535445792004844
0.00027623210053723545
0.000906701994854382
0.00045773920875913176
0.0004994931706694204
0.000529046910103892
0.001480671186779149
3.8902411942917354e-05
0.00033911508554850927
0.0006230924028929625
0.000273646544297465
0.0009415791779324965
-0.0003676000938901834
-0.0006208608766515926
0.0008849862486180287
0.0004893590352986871
0.00010319106119975645
0.00036698843305087744
0.0004371712623912034
0.0006035931568785244
0.0007361304828531684
0.00038914415941142374
0.0008330483174672172
0.0006524558823164089
0.0005271739745032381
0.0006810756271657375
0.0009730441886221605
0.0007969750596313424
0.00295349139320968
0.0006133922136552951
0.003166743668059047
0.0006498113718484322
0.0002905593616790713
0.00017905243023233
-2.6221593860636514e-05
-0.0006639295611417126
0.0003557002247479778
0.0002982658787136653
0.00011524767377158071
0.0008264871912180261
0.0005207800909011819
0.0008265507068085026
-5.1910433478809714e-05
-9.678785640871657e-05
0.0006516832822811792
-4.32137006981752e-05
-0.000977158910394446
0.00039757140684142084
0.000395202600454417
0.000918540146145176
0.00061925332829295
0.0006426194374500212
0.0006249068810994893
0.0008241609123636605
-0.0007737722495507828
0.0006451826165932337
-0.001089429391343525
-0.0002939004648195632
-8.297569627940201e-05
-0.00022904904618742899
0.0014828582952880456
-5.8397477842790276e-05
0.0005005381800988337
0.0010036729402196675
-0.00044319826038360596
-0.001223570731664397
0.0002891473233415415
0.00021862806774886192
0.0008022722845897901
0.0006333489147919362
-0.0001284730859993572
0.0009427183821921453
0.00021465914987929468
-0.001221456185720728
-3.781400559134454e-05
0.0006793049451294052
0.0005935520816296982
0.0010873330124734027
-7.318074043618521e-05
0.00024311716532531545
0.0006446425654821279
0.0005947289141396045
-1.823784894728387e-05
-0.00015469396010482043
0.0006427003117758936
-0.0006103147291346474
-0.0003080707832273712
0.0007925083491464481
0.0015371961923269708
0.00039052878290714765
3.505268602458446e-05
0.00032898374338446307
-0.0004501674092085278
0.00023610398705838814
-0.0009137788980155586
0.00030010220822738554
0.0009050698746032219
0.00038091622380085764
-0.0009753687055904994
0.0004903440026529917
0.0005563809074202043
0.00012328816773890807
0.00033678061495859724
0.0013543337485663754
0.0012490306392725517
-0.0009885367601006811
-0.0016375660657315274
-8.50825135706623e-06
0.0002644701891792959
0.0008812365681971624
0.00041878840933951244
0.0005459545182366834
0.0005499850937010554
0.0002810528632155743
0.0003135949662578612
0.0006628466696024496
-0.00024056042027462574
0.001263725376849077
0.0004160667004139579
0.0005854054940916309
-0.0005281079863214986
0.0009583753584805343
1.0155914784047264e-05
0.00040872345901022934
0.0001457914784979944
0.0005916351897649143
0.0005894440299058358
0.0004241534342956921
0.0005482642538432681
0.000646792612940463
0.0015113132028331104
0.00021918418550402876
-0.0011428714733262451
0.0011346465687486827
0.0012814077826499963
-0.0003236584968766985
0.00025121888143837313
0.0005159186294499529
0.0009773844717395357
0.0006809997195328526
0.0020974513270868847
0.000916501567338947
0.00039488804081634854
0.00028311311489559975
0.00030635842840904946
0.00015928140992649932
0.0011081368796713434
0.0004636336620287094
6.13747308985585e-05
0.0008848548268414409
0.0007345854602640332
0.00016692342403824538
0.0012135404586956144
0.0007217989094524047
0.0010338072638004109
0.00025018116526373855
0.0015551730261386244
0.0008658996855401327
2.471833666229347e-06
0.0011653338605831839
8.409355904945095e-05
0.0006017047118289599
0.00019628860616993868
0.00038422467620443767
0.00044042663872878964
-0.00033382092376103855
0.0004770113083715972
0.0006648714068310855
0.0007480272382857474
-0.000796891530091471
0.0006665291391435626
-0.00021492559054238553
0.0006770713855738992
-7.863455647742532e-05
-0.0009036644611369754
6.017735268840774e-05
0.000290414952383227
0.00022371276869420382
-7.40935740160669e-05
0.00087805293533687
0.0003983574883974653
0.00041450861622307014
-0.0010459785477594885
0.0009237836240705785
0.00025462480692912184
-0.0008250067944864508
0.00017406650335962087
9.295134240802168e-05
0.0006956668286022234
0.00018336839358913237
-0.0006639949665108649
-0.0012399024920856556
0.0003806728929747287
-0.0006352219701063447
0.00033345768628970486
0.000598419564594506
0.000580077851394885
-0.0001842053835000909
-0.0015652163130850775
0.001098456225592107
0.0011675352694717673
-7.21165550274952e-05
0.00025135193414058197
0.0011350927484135816
0.00032961150440219997
0.000229298043386031
0.0002629001626087213
0.0010630568338439205
-0.0009332635440778839
0.00041642829813285184
0.0008395731087808783
0.0008324238434084124
0.000424448180939053
0.00018097504309897902
6.437666575347013e-05
-0.00031486717185752727
0.0006334509920411612
0.0005182101749443007
4.0612535506659697e-05
0.000816107034527914
0.0010458900398759676
0.001680449551788556
0.00021962387431207232
-0.00012508573845754472
0.001637971152044677
-0.0006819846315605485
0.0007405134254559073
2.2541465051698353e-05
0.0006307811609114151
0.0006524366084038212
-0.0004189085229183717
0.0006993160351318789
-0.0020280224527663665
0.0004903405350165249
0.0006012727797474185
-0.0009839658308668788
0.00042620196762574604
-0.0011140176360342217
0.000751974753928524
0.0007049448296627823
0.001980582196629754
-0.0005250824868796676
0.0007649816740298244
0.0012704369564827773
-0.0003543145670996902
0.0004332089111449981
0.0001411434866392611
-0.0005947236039319009
-4.5946825424298895e-05
0.0003775040920866327
0.0008621179951988901
0.00016471500554705133
0.0005368760413023609
0.0008050380916266957
0.0005099915542355967
-6.910087805406319e-05
0.00014928249929048676
0.0004014547008108389
0.0002447059255228193
0.0017774674898388782
0.0018179959009991858
0.0009552365711687059
0.0008570736346685959
0.000722701652857841
0.00035007510224607476
0.0007046124581745535
0.0001445071426380399
-0.00013873484714974174
-0.0009470870796105521
-0.00012684119264203144
0.00032968051886808115
0.0010404632065820162
0.0003903891124792604
-0.0011168176606078646
0.0017199510069968245
0.0007245392043563907
0.0010116958809961716
0.000617229143291324
0.0003470685371764301
0.0005913376984068057
0.0006627729842218786
0.0007220681089221289
0.0015746176459922555
0.00035296659486835387
0.0014531843129412666
0.0015344520490565665
-0.0005433156067383505
0.0002808618242726958
-0.0004417188682389799
0.0006248353938153272
0.0005337356547940291
-0.000392925936879241
-0.0006841004102488889
-0.00028826187300001857
0.000991972110124676
0.00044537845189523333
0.0011925318993376306
0.0008098098344168957
0.0015465513603311035
0.0003899658440902583
0.00023702472425299564
0.000226961474523378
0.0007184436786287868
0.0007209266075481844
-0.0006040476536958775
0.0009573024835252464
0.0007695709446116596
-0.000556108972756536
0.000622304777086607
1.397110356669427e-05
0.0008189057339715855
-0.00042912731928283776
0.000503885196593669
0.0005169458794186413
0.0006830571141269589
0.0009447026733035456
0.00027562486472615974
0.0006284827992733567
9.481295985206114e-05
0.0006962070465652865
0.0010074850971074373
0.004262961991737004
0.0009900775283871446
0.00048181636100631456
-0.00023258137158606787
-0.0003173631543330261
0.00017922684430110976
-0.0005444401247335425
0.0006050760902581434
0.000285896317238809
0.0008981866452217694
0.0008812421304680639
0.0010708962609101088
0.0006243254337180145
-8.956556194491405e-05
0.00016349237222469646
0.001019355500830488
0.0029028394827475285
0.0022033270048301638
0.0010841363072984593
0.000289505014442543
-0.0017795408381343868
0.0007133614656262827
0.00031342918351480713
0.00022878326594813023
-0.00047932100094435766
0.0012131007646903741
-4.374600647053225e-05
-0.0005390902959374409
-0.00019979398453388384
3.9680460125589315e-05
-0.0004518181703021791
-0.00046544819832388453
0.001136358984052354
0.00032662513696321365
0.0004294736293769429
0.00015080145478326375
-0.0011856172605988692
0.00044083309316370143
0.0006228610971797585
0.0006069719188442659
0.0009667701604494825
3.664053712617429e-05
0.00020940546240245697
0.0017283197759500088
0.0021028738879591896
0.0003906858711295449
-4.281991257443123e-05
0.0006001050957721018
0.0004720840798241548
0.00039272306588698243
0.0007762253588563184
-0.00024726539354368704
0.001060851393927629
0.0007098795432864243
-0.0006770757842002971
5.633714034908161e-06
0.0011634683654422235
0.0006425018834668936
0.0007126650862355888
0.00094030145193974
0.0008004150674209481
0.0006962703622349732
0.0004198186370993982
0.0002770455878181318
0.0007778464550398989
0.0010162986440368632
0.0009973209224067466
0.00040245787783026844
0.0002976759113414432
0.00017390787475949924
0.00034258364741244585
0.00146612508459149
-0.0019573471303267215
0.000988883462554787
0.0005942620729397403
-0.00022545940970080446
-0.0007855757540215768
-0.00040171735750777924
0.0011009106514870684
0.0005445292607900941
0.0002456587415997837
0.0010489939111394014
0.0002019880677462793
0.0008799627811446003
0.0002608427843483744
0.0007152970153858503
-0.0002872045467679099
0.0011112221382450866
-0.00015845738348284832
0.0005345251549101512
0.00028994332833931247
0.0008548506251867846
-0.00032818974386285613
-0.00031968966117359814
0.0009408981211076942
0.0008091097172646465
0.0015292292983835284
-0.0001882088984665081
-0.0015596277894711734
0.000783581548644841
-0.0015073552452868533
0.0007224362916409293
0.0013111642337016232
0.000587802067699127
0.000976984696222845
0.0012078483091845279
0.0005279133008888074
0.0002782445422148676
0.0014778131494424475
-0.0005571826028618883
0.00047185775598513246
-0.0011561893862602755
0.0003998889200876421
0.0009524805220419047
0.0007830226707945493
0.00039038309570235024
0.00135993137612996
-0.0006075130856525651
0.000698924462152166
0.00044535127608249587
-2.6618403122776447e-05
-0.00019675956698754612
-9.737553941337815e-05
-0.0010699549034480585
0.00048754104970742
0.0007095579995236919
0.0004546510651367921
0.0003873745082563327
-0.00016088711155754556
4.5955343947717627e-07
0.0003160750224734554
-0.00016905806979511235
0.0008580771435402484
0.0007101324428826723
0.0005625353634151266
-0.0016644543215341278
0.0007882573627549807
0.00025712318056747346
8.997269568507561e-05
-0.0002598965254355539
-0.00040776093263752955
-0.00032347517148379894
0.0005318487705892928
0.0010448838707723443
0.0006838534979540996
-0.00019706390812023782
0.0009424842755827276
0.0006893749395579495
0.0005922566469487421
0.0003073360969749848
0.0004658091475176311
0.0008111159996372835
-0.0006005591422526301
0.0010102040232854788
6.872263898527136e-05
8.373750738680461e-05
-0.0007404616729623014
-0.0011366904245156636
0.0002552815602411582
0.0002134962701538364
-0.0003538908689716503
-1.8846953498723756e-05
0.00014045612969410977
0.0008915273116227562
0.001431236968127046
-0.00020772552114275915
0.0005093013730767045
0.00022367136368612212
0.0008000450180383708
0.0007731819963335444
0.0002301348899102336
0.000708154200747764
0.0005837538260220318
-0.00025126460919054595
0.0009037911724628015
0.0006667166481392269
0.000363753308249476
-3.2670390225572305e-05
0.0006356995491312099
0.0007227028206528974
-0.0006689397683330772
0.00026127116565514356
0.00038511487237926484
-0.00014697418970739662
0.0008613064168591976
0.0005867058258978074
0.0012107741509900885
0.00034773185847842723
-0.0003640704469148524
0.0010410007915961595
-0.0010529992357573494
3.616025774876698e-05
0.0015832200649489258
-0.00014005546717312762
0.00023127687756269643
-0.0001408273325565453
0.0008687490959814495
0.0006479186623127222
0.0011886732304347359
0.00023921993871065512
0.0008209134795223909
-0.0012832779092870016
0.0008979147118813037
-0.00047001645005570355
-0.0020549591005015987
0.001169785544982787
-2.661978431680756e-05
-0.00010910156001872883
0.0013208902221087079
0.00029960020559263294
-0.0013692122124732663
0.0011641113192184887
0.0007305632405873811
0.0016082004332251384
0.0019503852591106587
0.0005867757691932642
0.001849444193158185
-0.0012963077628735543
0.0008024393957344535
0.0002718330907205358
5.3464949440341454e-06
-0.002173653820840705
0.0006095898923123418
0.0003251245109672835
-0.0003089369364187242
0.0007731781605734734
-0.00037898104534531054
-0.0001820988468338586
0.0012234964631257987
0.0013304080689041957
0.00014660637496763786
0.0011188930925655257
0.0007614339463468651
0.0005332867929815089
0.0010820388959899348
0.00012365753188304886
-0.0012640181617114726
0.0006940216501888698
0.0005041834553436878
-0.00028464954228399797
-0.00038284540097086034
0.0004591110768630269
0.00042898181458464967
0.0009345295841808078
0.002085019976904815
-0.00010843631041641565
-0.0005695653409363834
0.00058694514707264
-0.0007476769401121954
-0.0002244614818930196
0.0005971612006174868
0.0006625245198093791
0.0009851136044560552
-0.0001631374782394166
-0.0001947222286130308
0.00047961573259605464
0.0003210882952766685
8.75048237466613e-05
2.292479420144532e-05
0.00064089493235335
-1.3866341097643412e-05
0.0013315820384120294
0.00032800763893258355
0.0006793492282380829
0.0008246340463271965
-0.0002290371715776432
0.00018278282171477602
0.0007260303685048613
0.000249592877869104
0.0005663971956064679
0.0006453259335457876
0.0005307059822866401
0.00041673262426090605
0.0011236056846090335
0.0002507994142171119
-6.351541719578495e-05
0.0005011721152431107
0.00014159487183448748
0.0005423022929412488
0.0007470188512287535
-0.0007289892742251511
0.0006234815400392458
0.00011478374041315676
0.0002304694618425012
0.0005522492654678772
-0.0004279579245065645
0.0005187279647884395
-0.0011732667474265127
0.0005164448036800974
0.00105471926386229
0.0009001820228095738
0.00035713614788404196
-7.910036825442093e-05
0.0008952066969024518
0.00035347577332740923
0.0002177366976503683
0.0005569874472323164
0.0015497394348979376
0.0017382823551892518
-0.0005151637747447847
0.000682904637512845
0.000795512424095771
-7.351561029252096e-05
0.0016803105078846666
7.082322883706556e-05
0.00027103337315473514
0.0009374282123476167
0.0004236668648343858
0.0009031819439120664
0.0015031817422558867
0.0004488901119848668
0.0004058390624459279
0.0007001119810512894
0.0005063080163005053
0.0012655108556302356
0.000906107520211531
0.0008321489604524658
0.0008017245895998408
